	graphletCounts/margaret-fuller/margaret-fuller-summer-on-the-lakes	graphletCounts/samuel-taylor-coleridge/samuel-taylor-coleridge-shakespere	graphletCounts/gustave-flaubert/gustave-flaubert-short-works	graphletCounts/fyodor-dostoyevsky/fyodor-dostoyevsky-white-nights	graphletCounts/mary-shelley/mary-shelley-prosepine-midas	graphletCounts/gustave-flaubert/gustave-flaubert-madame-bovary	graphletCounts/margaret-fuller/margaret-fuller-woman-in-the-nineteenth-century	graphletCounts/gustave-flaubert/gustave-flaubert-salammbo	graphletCounts/samuel-taylor-coleridge/samuel-taylor-coleridge-aids-to-reflection	graphletCounts/mary-shelley/mary-shelley-frankenstein	graphletCounts/fyodor-dostoyevsky/fyodor-dostoyevsky-poor-folk	graphletCounts/samuel-taylor-coleridge/samuel-taylor-coleridge-specimens-of-the-table-talk	graphletCounts/walter-scott/walter-scott-ivanhoe	graphletCounts/henry-david-thoreau/henry-david-thoreau-cape-cod	graphletCounts/leo-tolstoy/leo-tolstoy-war-and-peace-2	graphletCounts/leo-tolstoy/leo-tolstoy-war-and-peace-3	graphletCounts/leo-tolstoy/leo-tolstoy-war-and-peace-1	graphletCounts/leo-tolstoy/leo-tolstoy-master-and-men	graphletCounts/fyodor-dostoyevsky/fyodor-dostoyevsky-the-gambler	graphletCounts/margaret-fuller/margaret-fuller-life-without-and-life-within	graphletCounts/samuel-taylor-coleridge/samuel-taylor-coleridge-biographia-literaria	graphletCounts/henry-david-thoreau/henry-david-thoreau-maine-woods	graphletCounts/leo-tolstoy/leo-tolstoy-anna-karenina	graphletCounts/walter-scott/walter-scott-the-tailsmen	graphletCounts/mary-shelley/mary-shelley-mathilda	graphletCounts/ralph-waldo-emerson/ralph-waldo-emerson-representative-men	graphletCounts/ralph-waldo-emerson/ralph-waldo-emerson-first-series	graphletCounts/mary-shelley/mary-shelley-last-man	graphletCounts/walter-scott/walter-scott-waverly-2	graphletCounts/walter-scott/walter-scott-waverly-1	graphletCounts/margaret-fuller/margaret-fuller-at-home-and-abroad	graphletCounts/gustave-flaubert/gustave-flaubert-simple-soul	graphletCounts/henry-david-thoreau/henry-david-thoreau-on-duty-civil	graphletCounts/henry-david-thoreau/henry-david-thoreau-excursions	graphletCounts/fyodor-dostoyevsky/fyodor-dostoyevsky-the-house-of-the-dead	graphletCounts/ralph-waldo-emerson/ralph-waldo-emerson-english-traits	graphletCounts/henry-david-thoreau/henry-david-thoreau-walking	graphletCounts/ralph-waldo-emerson/ralph-waldo-emerson-nature	graphletCounts/margaret-fuller/margaret-fuller-memoirs-of-margaret-fuller-ossoli-vol-1	graphletCounts/gustave-flaubert/gustave-flaubert-temptation-anthony	graphletCounts/fyodor-dostoyevsky/fyodor-dostoyevsky-uncles-dream	graphletCounts/walter-scott/walter-scott-the-monestary	graphletCounts/ralph-waldo-emerson/ralph-waldo-emerson-second-series	graphletCounts/samuel-taylor-coleridge/samuel-taylor-coleridge-literary-remains	graphletCounts/mary-shelley/mary-shelley-tales-stories
graphletCounts/margaret-fuller/margaret-fuller-summer-on-the-lakes	0	0.630033648678	1.26277958172	1.72683662221	1.11215809919	1.61546852429	0.181663423199	1.32772554237	1.10144725126	0.392627571901	2.33952187287	0.650962289999	4.38510734755	1.28787387824	6.2672991086	5.88268636	6.50029877685	6.78818251455	2.13401569716	0.230897017889	0.992307412812	1.11309573085	6.9233218463	3.01194851271	1.07314871281	5.89770132767	6.2052269465	0.946966193759	2.52906105461	2.86983503853	0.643591726516	1.27272444026	1.0922425287	1.22480576198	1.65279485886	6.59365339316	1.12057913035	6.10252802195	0.0515153475089	1.27216884669	1.79747079657	3.7655673298	5.51785805041	0.815741527917	1.15652609876
graphletCounts/samuel-taylor-coleridge/samuel-taylor-coleridge-shakespere	0.630033648678	0	1.8928132304	2.35687027088	0.482124450509	2.24550217297	0.448370225479	1.95775919105	0.471413602578	0.237406076777	2.96955552155	0.0209286413213	5.01514099622	1.91790752692	6.89733275727	6.51272000867	7.13033242552	7.41821616323	2.76404934584	0.860930666566	0.362273764135	1.74312937953	7.55335549498	3.64198216139	0.443115064129	6.52773497635	6.83526059517	0.316932545082	3.15909470329	3.49986868721	1.27362537519	1.90275808893	1.72227617738	1.85483941065	2.28282850754	7.22368704184	1.75061277903	6.73256167063	0.681548996186	1.90220249537	2.42750444525	4.39560097847	6.14789169909	0.18570787924	0.526492450084
graphletCounts/gustave-flaubert/gustave-flaubert-short-works	1.26277958172	1.8928132304	0	0.464057040488	2.37493768091	0.352688942574	1.44444300492	0.0649459606527	2.36422683298	1.65540715362	1.07674229115	1.91374187172	3.12232776583	0.025094296523	5.00451952688	4.61990677828	5.23751919513	5.52540293283	0.871236115442	1.03188256383	2.25508699453	0.149683850869	5.66054226458	1.74916893099	2.33592829453	4.63492174595	4.94244736478	2.20974577548	1.26628147289	1.60705545681	0.619187855203	0.00994485853558	0.170537053021	0.0379738197434	0.390015277138	5.33087381144	0.14220045137	4.83974844023	1.21126423421	0.00938926496996	0.534691214854	2.50278774808	4.25507846869	2.07852110964	2.41930568048
graphletCounts/fyodor-dostoyevsky/fyodor-dostoyevsky-white-nights	1.72683662221	2.35687027088	0.464057040488	0	2.83899472139	0.111368097913	1.90850004541	0.399111079835	2.82828387346	2.11946419411	0.612685250661	2.37779891221	2.65827072534	0.438962743965	4.54046248639	4.15584973779	4.77346215464	5.06134589235	0.407179074954	1.49593960432	2.71914403502	0.613740891357	5.19648522409	1.2851118905	2.79998533501	4.17086470546	4.47839032429	2.67380281597	0.802224432402	1.14299841633	1.08324489569	0.454112181952	0.634594093508	0.502030860231	0.0740417633493	4.86681677095	0.606257491858	4.37569139975	1.6753212747	0.454667775518	0.070634174366	2.03873070759	3.79102142821	2.54257815012	2.88336272097
graphletCounts/mary-shelley/mary-shelley-prosepine-midas	1.11215809919	0.482124450509	2.37493768091	2.83899472139	0	2.72762662348	0.930494675988	2.43988364156	0.0107108479314	0.719530527286	3.45167997206	0.461195809188	5.49726544673	2.40003197743	7.37945720778	6.99484445918	7.61245687603	7.90034061374	3.24617379635	1.34305511708	0.119850686374	2.22525383004	8.03547994549	4.12410661189	0.0390093863803	7.00985942686	7.31738504568	0.165191905428	3.6412191538	3.98199313772	1.7557498257	2.38488253944	2.20440062789	2.33696386116	2.76495295804	7.70581149235	2.23273722954	7.21468612114	1.1636734467	2.38432694588	2.90962889576	4.87772542898	6.6300161496	0.29641657127	0.0443679995752
graphletCounts/gustave-flaubert/gustave-flaubert-madame-bovary	1.61546852429	2.24550217297	0.352688942574	0.111368097913	2.72762662348	0	1.79713194749	0.287742981921	2.71691577555	2.00809609619	0.724053348575	2.26643081429	2.76963882325	0.327594646051	4.6518305843	4.2672178357	4.88483025255	5.17271399026	0.518547172868	1.38457150641	2.60777593711	0.502372793443	5.30785332201	1.39647998841	2.6886172371	4.28223280338	4.5897584222	2.56243471805	0.913592530316	1.25436651424	0.971876797777	0.342744084039	0.523225995595	0.390662762318	0.0373263345642	4.97818486887	0.494889393944	4.48705949766	1.56395317678	0.343299677604	0.18200227228	2.1500988055	3.90238952612	2.43121005221	2.77199462306
graphletCounts/margaret-fuller/margaret-fuller-woman-in-the-nineteenth-century	0.181663423199	0.448370225479	1.44444300492	1.90850004541	0.930494675988	1.79713194749	0	1.50938896557	0.919783828057	0.210964148702	2.52118529607	0.4692988668	4.56677077074	1.46953730144	6.4489625318	6.06434978319	6.68196220005	6.96984593775	2.31567912036	0.412560441087	0.810643989614	1.29475915405	7.1049852695	3.19361193591	0.891485289608	6.07936475087	6.3868903697	0.765302770561	2.71072447781	3.05149846173	0.825255149715	1.45438786345	1.2739059519	1.40646918517	1.83445828206	6.77531681636	1.30224255355	6.28419144515	0.233178770708	1.45383226989	1.97913421977	3.94723075299	5.69952147361	0.634078104719	0.974862675563
graphletCounts/gustave-flaubert/gustave-flaubert-salammbo	1.32772554237	1.95775919105	0.0649459606527	0.399111079835	2.43988364156	0.287742981921	1.50938896557	0	2.42917279363	1.72035311427	1.0117963305	1.97868783237	3.05738180517	0.0398516641297	4.93957356622	4.55496081762	5.17257323448	5.46045697218	0.806290154789	1.09682852448	2.32003295518	0.214629811522	5.59559630393	1.68422297034	2.40087425518	4.5699757853	4.87750140412	2.27469173613	1.20133551224	1.54210949616	0.684133815856	0.0550011021172	0.235483013673	0.102919780396	0.325069316486	5.26592785079	0.207146412023	4.77480247958	1.27621019486	0.0555566956828	0.469745254201	2.43784178742	4.19013250804	2.14346707029	2.48425164113
graphletCounts/samuel-taylor-coleridge/samuel-taylor-coleridge-aids-to-reflection	1.10144725126	0.471413602578	2.36422683298	2.82828387346	0.0107108479314	2.71691577555	0.919783828057	2.42917279363	0	0.708819679355	3.44096912412	0.450484961257	5.4865545988	2.3893211295	7.36874635985	6.98413361125	7.6017460281	7.88962976581	3.23546294842	1.33234426914	0.109139838443	2.21454298211	8.02476909756	4.11339576396	0.0282985384489	6.99914857893	7.30667419775	0.154481057496	3.63050830587	3.97128228979	1.74503897777	2.37417169151	2.19368977995	2.32625301323	2.75424211011	7.69510064442	2.22202638161	7.20397527321	1.15296259876	2.37361609795	2.89891804783	4.86701458105	6.61930530167	0.285705723338	0.0550788475066
graphletCounts/mary-shelley/mary-shelley-frankenstein	0.392627571901	0.237406076777	1.65540715362	2.11946419411	0.719530527286	2.00809609619	0.210964148702	1.72035311427	0.708819679355	0	2.73214944477	0.258334718098	4.77773491945	1.68050145014	6.6599266805	6.2753139319	6.89292634875	7.18081008645	2.52664326906	0.623524589789	0.599679840912	1.50572330275	7.3159494182	3.40457608461	0.680521140906	6.29032889957	6.5978545184	0.554338621858	2.92168862651	3.26246261043	1.03621929842	1.66535201216	1.4848701006	1.61743333388	2.04542243076	6.98628096506	1.51320670225	6.49515559386	0.44414291941	1.66479641859	2.19009836847	4.1581949017	5.91048562231	0.423113956016	0.763898526861
graphletCounts/fyodor-dostoyevsky/fyodor-dostoyevsky-poor-folk	2.33952187287	2.96955552155	1.07674229115	0.612685250661	3.45167997206	0.724053348575	2.52118529607	1.0117963305	3.44096912412	2.73214944477	0	2.99048416287	2.04558547468	1.05164799463	3.92777723573	3.54316448713	4.16077690398	4.44866064169	0.205506175707	2.10862485498	3.33182928568	1.22642614202	4.58379997343	0.672426639839	3.41267058568	3.5581794548	3.86570507363	3.28648806663	0.189539181741	0.530313165665	1.69593014635	1.06679743261	1.24727934417	1.11471611089	0.686727014011	4.25413152029	1.21894274252	3.76300614909	2.28800652536	1.06735302618	0.542051076295	1.42604545693	3.17833617754	3.15526340079	3.49604797163
graphletCounts/samuel-taylor-coleridge/samuel-taylor-coleridge-specimens-of-the-table-talk	0.650962289999	0.0209286413213	1.91374187172	2.37779891221	0.461195809188	2.26643081429	0.4692988668	1.97868783237	0.450484961257	0.258334718098	2.99048416287	0	5.03606963754	1.93883616824	6.9182613986	6.53364864999	7.15126106685	7.43914480455	2.78497798716	0.881859307887	0.341345122814	1.76405802085	7.5742841363	3.66291080271	0.422186422808	6.54866361767	6.8561892365	0.29600390376	3.18002334461	3.52079732853	1.29455401652	1.92368673025	1.7432048187	1.87576805198	2.30375714886	7.24461568316	1.77154142035	6.75349031195	0.702477637508	1.92313113669	2.44843308657	4.4165296198	6.16882034041	0.164779237918	0.505563808763
graphletCounts/walter-scott/walter-scott-ivanhoe	4.38510734755	5.01514099622	3.12232776583	2.65827072534	5.49726544673	2.76963882325	4.56677077074	3.05738180517	5.4865545988	4.77773491945	2.04558547468	5.03606963754	0	3.0972334693	1.88219176105	1.49757901245	2.1151914293	2.40307516701	2.25109165038	4.15421032966	5.37741476036	3.2720116167	2.53821449876	1.37315883484	5.45825606035	1.51259398012	1.82011959895	5.3320735413	1.85604629294	1.51527230901	3.74151562103	3.11238290729	3.29286481885	3.16030158557	2.73231248869	2.20854604561	3.2645282172	1.71742067441	4.33359200004	3.11293850086	2.58763655097	0.619540017749	1.13275070287	5.20084887546	5.54163344631
graphletCounts/henry-david-thoreau/henry-david-thoreau-cape-cod	1.28787387824	1.91790752692	0.025094296523	0.438962743965	2.40003197743	0.327594646051	1.46953730144	0.0398516641297	2.3893211295	1.68050145014	1.05164799463	1.93883616824	3.0972334693	0	4.97942523035	4.59481248175	5.2124248986	5.50030863631	0.846141818919	1.05697686035	2.28018129106	0.174778147392	5.63544796806	1.72407463447	2.36102259105	4.60982744943	4.91735306825	2.234840072	1.24118717637	1.58196116029	0.644282151726	0.0151494379874	0.195631349544	0.0630681162664	0.364920980615	5.30577951492	0.167294747893	4.81465414371	1.23635853073	0.0157050315531	0.509596918331	2.47769345155	4.22998417217	2.10361540616	2.444399977
graphletCounts/leo-tolstoy/leo-tolstoy-war-and-peace-2	6.2672991086	6.89733275727	5.00451952688	4.54046248639	7.37945720778	4.6518305843	6.4489625318	4.93957356622	7.36874635985	6.6599266805	3.92777723573	6.9182613986	1.88219176105	4.97942523035	0	0.384612748601	0.232999668251	0.520883405957	4.13328341144	6.03640209071	7.25960652141	5.15420337775	0.656022737705	3.25535059589	7.3404478214	0.369597780927	0.0620721620995	7.21426530236	3.73823805399	3.39746407006	5.62370738208	4.99457466834	5.1750565799	5.04249334662	4.61450424974	0.326354284563	5.14671997825	0.164771086642	6.21578376109	4.99513026191	4.46982831202	2.5017317788	0.749441058184	7.08304063651	7.42382520736
graphletCounts/leo-tolstoy/leo-tolstoy-war-and-peace-3	5.88268636	6.51272000867	4.61990677828	4.15584973779	6.99484445918	4.2672178357	6.06434978319	4.55496081762	6.98413361125	6.2753139319	3.54316448713	6.53364864999	1.49757901245	4.59481248175	0.384612748601	0	0.617612416852	0.905496154558	3.74867066283	5.65178934211	6.87499377281	4.76959062915	1.04063548631	2.87073784729	6.9558350728	0.0150149676741	0.322540586502	6.82965255375	3.35362530539	3.01285132146	5.23909463348	4.60996191974	4.7904438313	4.65788059802	4.22989150114	0.710967033164	4.76210722965	0.219841661959	5.83117101249	4.61051751331	4.08521556342	2.1171190302	0.364828309583	6.69842788791	7.03921245876
graphletCounts/leo-tolstoy/leo-tolstoy-war-and-peace-1	6.50029877685	7.13033242552	5.23751919513	4.77346215464	7.61245687603	4.88483025255	6.68196220005	5.17257323448	7.6017460281	6.89292634875	4.16077690398	7.15126106685	2.1151914293	5.2124248986	0.232999668251	0.617612416852	0	0.287883737706	4.36628307969	6.26940175896	7.49260618966	5.387203046	0.423023069454	3.48835026414	7.57344748965	0.602597449178	0.29507183035	7.44726497061	3.97123772224	3.63046373831	5.85670705033	5.22757433659	5.40805624815	5.27549301487	4.84750391799	0.0933546163125	5.3797196465	0.397770754893	6.44878342934	5.22812993016	4.70282798027	2.73473144705	0.982440726435	7.31604030476	7.65682487561
graphletCounts/leo-tolstoy/leo-tolstoy-master-and-men	6.78818251455	7.41821616323	5.52540293283	5.06134589235	7.90034061374	5.17271399026	6.96984593775	5.46045697218	7.88962976581	7.18081008645	4.44866064169	7.43914480455	2.40307516701	5.50030863631	0.520883405957	0.905496154558	0.287883737706	0	4.65416681739	6.55728549667	7.78048992737	5.6750867837	0.135139331748	3.77623400185	7.86133122736	0.890481186884	0.582955568057	7.73514870831	4.25912145994	3.91834747602	6.14459078804	5.5154580743	5.69593998585	5.56337675258	5.1353876557	0.194529121394	5.6676033842	0.6856544926	6.73666716704	5.51601366786	4.99071171798	3.02261518476	1.27032446414	7.60392404247	7.94470861332
graphletCounts/fyodor-dostoyevsky/fyodor-dostoyevsky-the-gambler	2.13401569716	2.76404934584	0.871236115442	0.407179074954	3.24617379635	0.518547172868	2.31567912036	0.806290154789	3.23546294842	2.52664326906	0.205506175707	2.78497798716	2.25109165038	0.846141818919	4.13328341144	3.74867066283	4.36628307969	4.65416681739	0	1.90311867927	3.12632310997	1.02091996631	4.78930614914	0.877932815546	3.20716440997	3.76368563051	4.07121124934	3.08098189092	0.395045357448	0.735819341372	1.49042397064	0.861291256906	1.04177316846	0.909209935185	0.481220838303	4.459637696	1.01343656681	3.96851232479	2.08250034965	0.861846850472	0.336544900588	1.63155163263	3.38384235325	2.94975722508	3.29054179592
graphletCounts/margaret-fuller/margaret-fuller-life-without-and-life-within	0.230897017889	0.860930666566	1.03188256383	1.49593960432	1.34305511708	1.38457150641	0.412560441087	1.09682852448	1.33234426914	0.623524589789	2.10862485498	0.881859307887	4.15421032966	1.05697686035	6.03640209071	5.65178934211	6.26940175896	6.55728549667	1.90311867927	0	1.2232044307	0.882198712962	6.69242482841	2.78105149482	1.3040457307	5.66680430978	5.97432992861	1.17786321165	2.29816403672	2.63893802064	0.412694708628	1.04182742237	0.86134551081	0.993908744088	1.42189784097	6.36275637527	0.889682112461	5.87163100407	0.17938167038	1.0412718288	1.56657377868	3.53467031191	5.28696103252	1.04663854581	1.38742311665
graphletCounts/samuel-taylor-coleridge/samuel-taylor-coleridge-biographia-literaria	0.992307412812	0.362273764135	2.25508699453	2.71914403502	0.119850686374	2.60777593711	0.810643989614	2.32003295518	0.109139838443	0.599679840912	3.33182928568	0.341345122814	5.37741476036	2.28018129106	7.25960652141	6.87499377281	7.49260618966	7.78048992737	3.12632310997	1.2232044307	0	2.10540314366	7.91562925911	4.00425592552	0.0808412999942	6.89000874048	7.19753435931	0.0453412190532	3.52136846742	3.86214245135	1.63589913933	2.26503185307	2.08454994151	2.21711317479	2.64510227167	7.58596080597	2.11288654316	7.09483543477	1.04382276032	2.2644762595	2.78977820939	4.75787474261	6.51016546323	0.176565884895	0.16421868595
graphletCounts/henry-david-thoreau/henry-david-thoreau-maine-woods	1.11309573085	1.74312937953	0.149683850869	0.613740891357	2.22525383004	0.502372793443	1.29475915405	0.214629811522	2.21454298211	1.50572330275	1.22642614202	1.76405802085	3.2720116167	0.174778147392	5.15420337775	4.76959062915	5.387203046	5.6750867837	1.02091996631	0.882198712962	2.10540314366	0	5.81022611545	1.89885278186	2.18624444366	4.78460559682	5.09213121565	2.06006192461	1.41596532376	1.75673930768	0.469504004334	0.159628709405	0.0208532021515	0.111710031126	0.539699128007	5.48055766231	0.00748339949916	4.9894322911	1.06158038334	0.159073115839	0.684375065723	2.65247159895	4.40476231956	1.92883725877	2.26962182961
graphletCounts/leo-tolstoy/leo-tolstoy-anna-karenina	6.9233218463	7.55335549498	5.66054226458	5.19648522409	8.03547994549	5.30785332201	7.1049852695	5.59559630393	8.02476909756	7.3159494182	4.58379997343	7.5742841363	2.53821449876	5.63544796806	0.656022737705	1.04063548631	0.423023069454	0.135139331748	4.78930614914	6.69242482841	7.91562925911	5.81022611545	0	3.91137333359	7.99647055911	1.02562051863	0.718094899805	7.87028804006	4.39426079169	4.05348680777	6.27973011979	5.65059740605	5.8310793176	5.69851608433	5.27052698744	0.329668453142	5.80274271595	0.820793824347	6.87180649879	5.65115299961	5.12585104973	3.15775451651	1.40546379589	7.73906337422	8.07984794506
graphletCounts/walter-scott/walter-scott-the-tailsmen	3.01194851271	3.64198216139	1.74916893099	1.2851118905	4.12410661189	1.39647998841	3.19361193591	1.68422297034	4.11339576396	3.40457608461	0.672426639839	3.66291080271	1.37315883484	1.72407463447	3.25535059589	2.87073784729	3.48835026414	3.77623400185	0.877932815546	2.78105149482	4.00425592552	1.89885278186	3.91137333359	0	4.08509722551	2.88575281496	3.19327843379	3.95891470647	0.482887458098	0.142113474174	2.36835678619	1.73922407245	1.91970598401	1.78714275073	1.35915365385	3.58170488045	1.89136938236	3.09057950925	2.9604331652	1.73977966602	1.21447771613	0.753618817089	2.50590953771	3.82769004062	4.16847461147
graphletCounts/mary-shelley/mary-shelley-mathilda	1.07314871281	0.443115064129	2.33592829453	2.79998533501	0.0390093863803	2.6886172371	0.891485289608	2.40087425518	0.0282985384489	0.680521140906	3.41267058568	0.422186422808	5.45825606035	2.36102259105	7.3404478214	6.9558350728	7.57344748965	7.86133122736	3.20716440997	1.3040457307	0.0808412999942	2.18624444366	7.99647055911	4.08509722551	0	6.97085004048	7.2783756593	0.126182519047	3.60220976742	3.94298375134	1.71674043932	2.34587315306	2.16539124151	2.29795447478	2.72594357166	7.66680210597	2.19372784316	7.17567673476	1.12466406032	2.3453175595	2.87061950938	4.8387160426	6.59100676322	0.257407184889	0.0833773859555
graphletCounts/ralph-waldo-emerson/ralph-waldo-emerson-representative-men	5.89770132767	6.52773497635	4.63492174595	4.17086470546	7.00985942686	4.28223280338	6.07936475087	4.5699757853	6.99914857893	6.29032889957	3.5581794548	6.54866361767	1.51259398012	4.60982744943	0.369597780927	0.0150149676741	0.602597449178	0.890481186884	3.76368563051	5.66680430978	6.89000874048	4.78460559682	1.02562051863	2.88575281496	6.97085004048	0	0.307525618827	6.84466752143	3.36864027306	3.02786628914	5.25410960115	4.62497688741	4.80545879897	4.67289556569	4.24490646881	0.69595206549	4.77712219732	0.204826694285	5.84618598016	4.62553248098	4.1002305311	2.13213399787	0.379843277257	6.71344285559	7.05422742643
graphletCounts/ralph-waldo-emerson/ralph-waldo-emerson-first-series	6.2052269465	6.83526059517	4.94244736478	4.47839032429	7.31738504568	4.5897584222	6.3868903697	4.87750140412	7.30667419775	6.5978545184	3.86570507363	6.8561892365	1.82011959895	4.91735306825	0.0620721620995	0.322540586502	0.29507183035	0.582955568057	4.07121124934	5.97432992861	7.19753435931	5.09213121565	0.718094899805	3.19327843379	7.2783756593	0.307525618827	0	7.15219314026	3.67616589189	3.33539190796	5.56163521998	4.93250250624	5.1129844178	4.98042118452	4.55243208764	0.388426446663	5.08464781615	0.102698924543	6.15371159899	4.93305809981	4.40775614992	2.4396596167	0.687368896084	7.02096847441	7.36175304526
graphletCounts/mary-shelley/mary-shelley-last-man	0.946966193759	0.316932545082	2.20974577548	2.67380281597	0.165191905428	2.56243471805	0.765302770561	2.27469173613	0.154481057496	0.554338621858	3.28648806663	0.29600390376	5.3320735413	2.234840072	7.21426530236	6.82965255375	7.44726497061	7.73514870831	3.08098189092	1.17786321165	0.0453412190532	2.06006192461	7.87028804006	3.95891470647	0.126182519047	6.84466752143	7.15219314026	0	3.47602724837	3.81680123229	1.59055792028	2.21969063401	2.03920872246	2.17177195574	2.59976105262	7.54061958692	2.06754532411	7.04949421571	0.998481541268	2.21913504045	2.74443699033	4.71253352356	6.46482424417	0.131224665842	0.209559905003
graphletCounts/walter-scott/walter-scott-waverly-2	2.52906105461	3.15909470329	1.26628147289	0.802224432402	3.6412191538	0.913592530316	2.71072447781	1.20133551224	3.63050830587	2.92168862651	0.189539181741	3.18002334461	1.85604629294	1.24118717637	3.73823805399	3.35362530539	3.97123772224	4.25912145994	0.395045357448	2.29816403672	3.52136846742	1.41596532376	4.39426079169	0.482887458098	3.60220976742	3.36864027306	3.67616589189	3.47602724837	0	0.340773983924	1.88546932809	1.25633661435	1.43681852591	1.30425529263	0.876266195752	4.06459233855	1.40848192426	3.57346696734	2.4775457071	1.25689220792	0.731590258036	1.23650627519	2.9887969958	3.34480258253	3.68558715337
graphletCounts/walter-scott/walter-scott-waverly-1	2.86983503853	3.49986868721	1.60705545681	1.14299841633	3.98199313772	1.25436651424	3.05149846173	1.54210949616	3.97128228979	3.26246261043	0.530313165665	3.52079732853	1.51527230901	1.58196116029	3.39746407006	3.01285132146	3.63046373831	3.91834747602	0.735819341372	2.63893802064	3.86214245135	1.75673930768	4.05348680777	0.142113474174	3.94298375134	3.02786628914	3.33539190796	3.81680123229	0.340773983924	0	2.22624331202	1.59711059828	1.77759250983	1.64502927656	1.21704017968	3.72381835463	1.74925590818	3.23269298342	2.81831969102	1.59766619184	1.07236424196	0.895732291263	2.64802301188	3.68557656645	4.0263611373
graphletCounts/margaret-fuller/margaret-fuller-at-home-and-abroad	0.643591726516	1.27362537519	0.619187855203	1.08324489569	1.7557498257	0.971876797777	0.825255149715	0.684133815856	1.74503897777	1.03621929842	1.69593014635	1.29455401652	3.74151562103	0.644282151726	5.62370738208	5.23909463348	5.85670705033	6.14459078804	1.49042397064	0.412694708628	1.63589913933	0.469504004334	6.27973011979	2.36835678619	1.71674043932	5.25410960115	5.56163521998	1.59055792028	1.88546932809	2.22624331202	0	0.629132713739	0.448650802183	0.58121403546	1.00920313234	5.95006166664	0.476987403833	5.45893629544	0.592076379008	0.628577120173	1.15387907006	3.12197560328	4.8742663239	1.45933325443	1.80011782528
graphletCounts/gustave-flaubert/gustave-flaubert-simple-soul	1.27272444026	1.90275808893	0.00994485853558	0.454112181952	2.38488253944	0.342744084039	1.45438786345	0.0550011021172	2.37417169151	1.66535201216	1.06679743261	1.92368673025	3.11238290729	0.0151494379874	4.99457466834	4.60996191974	5.22757433659	5.5154580743	0.861291256906	1.04182742237	2.26503185307	0.159628709405	5.65059740605	1.73922407245	2.34587315306	4.62497688741	4.93250250624	2.21969063401	1.25633661435	1.59711059828	0.629132713739	0	0.180481911556	0.047918678279	0.380070418603	5.3209289529	0.152145309906	4.8298035817	1.22120909275	0.000555593565618	0.524746356318	2.49284288954	4.24513361016	2.08846596817	2.42925053902
graphletCounts/henry-david-thoreau/henry-david-thoreau-on-duty-civil	1.0922425287	1.72227617738	0.170537053021	0.634594093508	2.20440062789	0.523225995595	1.2739059519	0.235483013673	2.19368977995	1.4848701006	1.24727934417	1.7432048187	3.29286481885	0.195631349544	5.1750565799	4.7904438313	5.40805624815	5.69593998585	1.04177316846	0.86134551081	2.08454994151	0.0208532021515	5.8310793176	1.91970598401	2.16539124151	4.80545879897	5.1129844178	2.03920872246	1.43681852591	1.77759250983	0.448650802183	0.180481911556	0	0.132563233277	0.560552330159	5.50141086446	0.0283366016507	5.01028549326	1.04072718119	0.179926317991	0.705228267874	2.6733248011	4.42561552171	1.90798405662	2.24876862746
graphletCounts/henry-david-thoreau/henry-david-thoreau-excursions	1.22480576198	1.85483941065	0.0379738197434	0.502030860231	2.33696386116	0.390662762318	1.40646918517	0.102919780396	2.32625301323	1.61743333388	1.11471611089	1.87576805198	3.16030158557	0.0630681162664	5.04249334662	4.65788059802	5.27549301487	5.56337675258	0.909209935185	0.993908744088	2.21711317479	0.111710031126	5.69851608433	1.78714275073	2.29795447478	4.67289556569	4.98042118452	2.17177195574	1.30425529263	1.64502927656	0.58121403546	0.047918678279	0.132563233277	0	0.427989096882	5.36884763118	0.104226631627	4.87772225998	1.17329041447	0.0473630847134	0.572665034597	2.54076156782	4.29305228844	2.04054728989	2.38133186074
graphletCounts/fyodor-dostoyevsky/fyodor-dostoyevsky-the-house-of-the-dead	1.65279485886	2.28282850754	0.390015277138	0.0740417633493	2.76495295804	0.0373263345642	1.83445828206	0.325069316486	2.75424211011	2.04542243076	0.686727014011	2.30375714886	2.73231248869	0.364920980615	4.61450424974	4.22989150114	4.84750391799	5.1353876557	0.481220838303	1.42189784097	2.64510227167	0.539699128007	5.27052698744	1.35915365385	2.72594357166	4.24490646881	4.55243208764	2.59976105262	0.876266195752	1.21704017968	1.00920313234	0.380070418603	0.560552330159	0.427989096882	0	4.9408585343	0.532215728508	4.4497331631	1.60127951135	0.380626012168	0.144675937715	2.11277247094	3.86506319155	2.46853638678	2.80932095762
graphletCounts/ralph-waldo-emerson/ralph-waldo-emerson-english-traits	6.59365339316	7.22368704184	5.33087381144	4.86681677095	7.70581149235	4.97818486887	6.77531681636	5.26592785079	7.69510064442	6.98628096506	4.25413152029	7.24461568316	2.20854604561	5.30577951492	0.326354284563	0.710967033164	0.0933546163125	0.194529121394	4.459637696	6.36275637527	7.58596080597	5.48055766231	0.329668453142	3.58170488045	7.66680210597	0.69595206549	0.388426446663	7.54061958692	4.06459233855	3.72381835463	5.95006166664	5.3209289529	5.50141086446	5.36884763118	4.9408585343	0	5.47307426281	0.491125371206	6.54213804565	5.32148454647	4.79618259659	2.82808606336	1.07579534275	7.40939492108	7.75017949192
graphletCounts/henry-david-thoreau/henry-david-thoreau-walking	1.12057913035	1.75061277903	0.14220045137	0.606257491858	2.23273722954	0.494889393944	1.30224255355	0.207146412023	2.22202638161	1.51320670225	1.21894274252	1.77154142035	3.2645282172	0.167294747893	5.14671997825	4.76210722965	5.3797196465	5.6676033842	1.01343656681	0.889682112461	2.11288654316	0.00748339949916	5.80274271595	1.89136938236	2.19372784316	4.77712219732	5.08464781615	2.06754532411	1.40848192426	1.74925590818	0.476987403833	0.152145309906	0.0283366016507	0.104226631627	0.532215728508	5.47307426281	0	4.9819488916	1.06906378284	0.15158971634	0.676891666224	2.64498819945	4.39727892006	1.93632065827	2.27710522911
graphletCounts/ralph-waldo-emerson/ralph-waldo-emerson-nature	6.10252802195	6.73256167063	4.83974844023	4.37569139975	7.21468612114	4.48705949766	6.28419144515	4.77480247958	7.20397527321	6.49515559386	3.76300614909	6.75349031195	1.71742067441	4.81465414371	0.164771086642	0.219841661959	0.397770754893	0.6856544926	3.96851232479	5.87163100407	7.09483543477	4.9894322911	0.820793824347	3.09057950925	7.17567673476	0.204826694285	0.102698924543	7.04949421571	3.57346696734	3.23269298342	5.45893629544	4.8298035817	5.01028549326	4.87772225998	4.4497331631	0.491125371206	4.9819488916	0	6.05101267445	4.83035917526	4.30505722538	2.33696069216	0.584669971542	6.91826954987	7.25905412072
graphletCounts/margaret-fuller/margaret-fuller-memoirs-of-margaret-fuller-ossoli-vol-1	0.0515153475089	0.681548996186	1.21126423421	1.6753212747	1.1636734467	1.56395317678	0.233178770708	1.27621019486	1.15296259876	0.44414291941	2.28800652536	0.702477637508	4.33359200004	1.23635853073	6.21578376109	5.83117101249	6.44878342934	6.73666716704	2.08250034965	0.17938167038	1.04382276032	1.06158038334	6.87180649879	2.9604331652	1.12466406032	5.84618598016	6.15371159899	0.998481541268	2.4775457071	2.81831969102	0.592076379008	1.22120909275	1.04072718119	1.17329041447	1.60127951135	6.54213804565	1.06906378284	6.05101267445	0	1.22065349918	1.74595544906	3.71405198229	5.4663427029	0.867256875426	1.20804144627
graphletCounts/gustave-flaubert/gustave-flaubert-temptation-anthony	1.27216884669	1.90220249537	0.00938926496996	0.454667775518	2.38432694588	0.343299677604	1.45383226989	0.0555566956828	2.37361609795	1.66479641859	1.06735302618	1.92313113669	3.11293850086	0.0157050315531	4.99513026191	4.61051751331	5.22812993016	5.51601366786	0.861846850472	1.0412718288	2.2644762595	0.159073115839	5.65115299961	1.73977966602	2.3453175595	4.62553248098	4.93305809981	2.21913504045	1.25689220792	1.59766619184	0.628577120173	0.000555593565618	0.179926317991	0.0473630847134	0.380626012168	5.32148454647	0.15158971634	4.83035917526	1.22065349918	0	0.525301949884	2.49339848311	4.24568920372	2.08791037461	2.42869494545
graphletCounts/fyodor-dostoyevsky/fyodor-dostoyevsky-uncles-dream	1.79747079657	2.42750444525	0.534691214854	0.070634174366	2.90962889576	0.18200227228	1.97913421977	0.469745254201	2.89891804783	2.19009836847	0.542051076295	2.44843308657	2.58763655097	0.509596918331	4.46982831202	4.08521556342	4.70282798027	4.99071171798	0.336544900588	1.56657377868	2.78977820939	0.684375065723	5.12585104973	1.21447771613	2.87061950938	4.1002305311	4.40775614992	2.74443699033	0.731590258036	1.07236424196	1.15387907006	0.524746356318	0.705228267874	0.572665034597	0.144675937715	4.79618259659	0.676891666224	4.30505722538	1.74595544906	0.525301949884	0	1.96809653322	3.72038725384	2.61321232449	2.95399689534
graphletCounts/walter-scott/walter-scott-the-monestary	3.7655673298	4.39560097847	2.50278774808	2.03873070759	4.87772542898	2.1500988055	3.94723075299	2.43784178742	4.86701458105	4.1581949017	1.42604545693	4.4165296198	0.619540017749	2.47769345155	2.5017317788	2.1171190302	2.73473144705	3.02261518476	1.63155163263	3.53467031191	4.75787474261	2.65247159895	3.15775451651	0.753618817089	4.8387160426	2.13213399787	2.4396596167	4.71253352356	1.23650627519	0.895732291263	3.12197560328	2.49284288954	2.6733248011	2.54076156782	2.11277247094	2.82808606336	2.64498819945	2.33696069216	3.71405198229	2.49339848311	1.96809653322	0	1.75229072062	4.58130885771	4.92209342856
graphletCounts/ralph-waldo-emerson/ralph-waldo-emerson-second-series	5.51785805041	6.14789169909	4.25507846869	3.79102142821	6.6300161496	3.90238952612	5.69952147361	4.19013250804	6.61930530167	5.91048562231	3.17833617754	6.16882034041	1.13275070287	4.22998417217	0.749441058184	0.364828309583	0.982440726435	1.27032446414	3.38384235325	5.28696103252	6.51016546323	4.40476231956	1.40546379589	2.50590953771	6.59100676322	0.379843277257	0.687368896084	6.46482424417	2.9887969958	2.64802301188	4.8742663239	4.24513361016	4.42561552171	4.29305228844	3.86506319155	1.07579534275	4.39727892006	0.584669971542	5.4663427029	4.24568920372	3.72038725384	1.75229072062	0	6.33359957833	6.67438414917
graphletCounts/samuel-taylor-coleridge/samuel-taylor-coleridge-literary-remains	0.815741527917	0.18570787924	2.07852110964	2.54257815012	0.29641657127	2.43121005221	0.634078104719	2.14346707029	0.285705723338	0.423113956016	3.15526340079	0.164779237918	5.20084887546	2.10361540616	7.08304063651	6.69842788791	7.31604030476	7.60392404247	2.94975722508	1.04663854581	0.176565884895	1.92883725877	7.73906337422	3.82769004062	0.257407184889	6.71344285559	7.02096847441	0.131224665842	3.34480258253	3.68557656645	1.45933325443	2.08846596817	1.90798405662	2.04054728989	2.46853638678	7.40939492108	1.93632065827	6.91826954987	0.867256875426	2.08791037461	2.61321232449	4.58130885771	6.33359957833	0	0.340784570845
graphletCounts/mary-shelley/mary-shelley-tales-stories	1.15652609876	0.526492450084	2.41930568048	2.88336272097	0.0443679995752	2.77199462306	0.974862675563	2.48425164113	0.0550788475066	0.763898526861	3.49604797163	0.505563808763	5.54163344631	2.444399977	7.42382520736	7.03921245876	7.65682487561	7.94470861332	3.29054179592	1.38742311665	0.16421868595	2.26962182961	8.07984794506	4.16847461147	0.0833773859555	7.05422742643	7.36175304526	0.209559905003	3.68558715337	4.0263611373	1.80011782528	2.42925053902	2.24876862746	2.38133186074	2.80932095762	7.75017949192	2.27710522911	7.25905412072	1.20804144627	2.42869494545	2.95399689534	4.92209342856	6.67438414917	0.340784570845	0
